1889
933
1579
148
1755
1570
1391
2411
697
2167
615
1147
1530
334
1054
1897
2133
978
1259
2189
1086
74
978
1293
1282
1722
2466
278
1864
445
1190
2310
575
683
352
1694
561
2151
1645
1757
1390
1649
801
246
2232
1033
2381
155
792
1451
29
1191
2050
1169
2237
959
1409
255
812
701
2329
2027
1794
1131
1076
80
344
2058
67
1956
867
2020
2097
993
1346
618
956
633
1863
2325
2331
385
295
489
1084
579
1186
698
295
2098
439
2500
1451
1867
1955
919
2423
2275
2461
1697
2214
2453
409
772
1888
1682
497
694
729
12
745
2205
2077
1412
1337
275
2276
2005
1156
896
2145
725
1503
1261
78
1266
2175
1172
1006
1550
1922
2106
2259
1658
200
695
705
931
2460
1021
1362
367
2308
2496
1326
2338
53
2360
2429
2057
784
2293
1091
1045
519
2090
773
1998
2268
1224
42
1838
784
1340
1262
2176
112
1699
1163
1595
147
379
567
2122
1235
2182
2108
502
1307
1194
1153
1509
1071
494
2445
1404
1940
1593
234
1579
1000
2448
1286
1434
1864
1600
1576
564
1284
187
1886
2210
2221
886
1215
779
2173
1339
179
146
104
1987
156
2121
1340
7
615
1572
2463
554
2367
1896
454
1255
1623
340
2038
632
1099
647
2491
1576
1609
187
35
1501
1735
117
669
122
510
1247
1573
1894
1417
414
1382
1966
1382
1024
1407
107
1837
214
1579
1624
1694
1780
151
2135
1979
237
507
2456
854
710
1563
2461
1402
800
1670
660
1778
2412
1320
1002
492
1132
2213
201
251
2381
287
2100
2114
2397
1985
1690
2468
1885
941
1153
881
1641
702
1668
550
696
749
1133
2012
210
640
1742
12
292
1435
2193
1508
555
1660
2405
536
1507
652
560
1832
2445
1719
130
59
1920
126
90
665
2038
1288
689
401
1320
2168
1258
1981
306
1677
31
1020
1134
1482
547
1116
1847
267
1463
158
228
2377
960
158
1088
1118
1431
999
20
851
1077
555
2211
1593
399
1855
2073
280
473
779
779
814
530
1314
1337
2033
563
1280
1339
1023
1383
580
1746
761
299
1747
169
1243
2288
1813
2464
406
504
1845
2182
2031
2177
73
833
95
542
2091
2227
1080
10
2297
482
1595
163
2061
1456
497
706
67
970
2132
433
2482
842
2402
1185
2488
1232
1710
863
476
1336
2308
212
2069
2338
948
2147
1370
2470
1971
343
510
1657
2256
22
2167
356
769
1950
52
330
608
656
961
470
1715
1618
2095
1770
338
1483
1635
765
579
1840
2308
1767
443
1042
68
2361
888
2345
2128
1191
173
1571
756
2015
1102
1937
107
1295
1669
1099
524
1830
119
1868
1626
1931
330
360
861
1276
1100
706
694
1615
2399
1486
1906
2489
1316
2101
556
1005
1081
566
2493
2409
8
275
784
1561
1079
548
2331
2218
296
597
2419
89
1337
2139
1219
1511
580
720
1829
2119
2263
1701
2410
1132
2379
1158
2469
1113
2046
344
1500
2391
234
1251
2002
1756
1063
101
307
1628
842
1784
1533
1240
2429
2003
1547
1599
1405
1807
1233
2050
526
1029
2500
2385
2046
2111
1022
1902
1846
2449
1534
823
243
1221
908
2192
328
2057
2335
1497
1314
2389
642
2131
2051
1246
2018
1712
1971
1249
747
2235
920
1242
1988
2291
95
2169
1191
2125
2271
1261
1242
260
356
260
2461
2080
1396
1182
1006
24
977
2420
1244
1090
1621
2401
1613
84
1766
878
211
603
1715
2065
893
275
670
119
1630
1206
1893
595
1327
265
1793
1147
1716
977
12
1598
1269
424
1247
1753
27
1585
1168
1206
2340
2485
2400
1649
1229
1913
2024
1879
1574
1062
623
147
2211
681
160
2232
1542
2165
671
1174
463
2011
874
1212
792
1454
347
179
1479
2451
2400
588
511
569
213
94
1825
2478
1195
2156
1242
632
2171
444
434
46
251
962
480
953
3
76
2364
825
2260
833
794
1131
762
1013
2089
1045
2354
1461
2390
1843
2312
2106
2359
776
2256
1322
743
50
403
1894
2388
246
410
1288
1059
1148
2256
848
873
1530
693
1630
395
502
2029
2024
850
1452
732
428
2147
829
616
354
948
1170
1165
2088
2336
2282
1772
1629
1427
911
1036
226
2144
1125
1647
915
1110
1690
258
248
1980
95
1646
81
2034
602
342
1885
1394
1723
1343
2223
1638
1585
2034
2300
392
198
309
1500
869
1849
1677
2169
897
504
1715
1801
328
830
644
2346
440
1711
1752
332
772
1002
1260
2444
239
2211
619
1572
308
67
295
808
495
629
134
217
757
141
1418
2173
1249
1870
2029
1719
800
1789
605
49
1430
2271
798
1551
1611
1073
1166
1548
2251
1054
1057
277
1417
1850
859
2443
1094
1675
1417
32
1356
1528
2194
451
1854
1633
934
1614
132
1938
208
2391
2317
1828
221
2162
2332
2481
324
72
280
281
1556
2434
180
2411
1434
112
1859
1713
1531
1190
2440
1413
334
1072
559
1618
2210
2053
1444
1582
1853
2085
1453
2240
463
1439
2114
131
1558
1170
1255
790
206
1729
2085
2079
2290
363
1146
945
771
138
1370
1610
370
114
854
2074
225
871
2367
2105
2429
1701
648
396
149
1364
1823
1911
2189
1751
1716
1000
584
1300
1181
222
1291
2437
492
2411
1003
1009
1242
918
2138
1723
2152
1949
951
419
1190
629
1615
2079
531
8
2055
1359
1838
1455
1007
1358
1804
1981
258
712
2163
1103
594
1765
30
1766
2191
1402
496
1509
1697
1880
605
302
2413
279
646
84
1782
1670
2329
363
866
1081
318
376
246
1978
300
747
362
1681
587
1000
935
1077
589
177
472
1721
634
2475
1636
1963
181
1663
2437
82
1166
447
1563
372
1016
455
1447
567
842
2296
99
2459
867
1246
2023
1617
2266
228
55
628
1258
2001
581
532
2014
120
497
1888
2200
1458
2249
453
1426
133
1843
2341
1249
1735
556
1252
635
1876
1645
1025
2355
655
1222
635
2320
652
1605
1368
1485
784
327
2041
1806
633
830
123
274
2389
782
1643
2346
967
2484
1590
1448
1470
330
288
727
512
1584
36
2362
120
422
947
80
1819
1045
2037
2072
1151
776
117
1073
2144
1020
1222
1453
1042
1147
1854
1081
943
2437
1859
1071
1949
891
959
1694
737
2105
1742
392
1074
178
882
1708
1918
921
744
708
1431
2212
2180
2
1732
1107
592
570
2129
885
679
1774
2300
595
285
2064
1590
801
353
132
2010
1269
613
242
1611
1825
575
2041
971
279
930
681
1032
852
419
1864
1
800
756
241
2332
2454
1967
1864
116
2096
865
624
356
1030
671
349
899
157
1456
1455
432
423
90
64
1853
1553
2148
1776
452
1737
484
649
1070
2469
2026
1570
452
983
57
315
141
2405
2335
1748
1207
211
265
2482
1851
389
557
1921
256
1777
825
751
669
1879
1295
1246
1952
1358
527
1675
824
2136
608
1992
1671
354
377
1879
1345
1522
885
159
913
777
622
791
355
1231
233
1000
1717
908
926
1985
1897
1874
1932
390
603
1536
336
1228
1263
2136
1470
932
2382
20
2474
1612
2101
1703
1563
133
1595
2388
403
1859
1339
1602
373
1814
1252
1889
2464
282
2061
825
312
629
1954
1159
305
956
253
530
131
1755
485
800
2101
638
1511
1806
1448
1875
2258
1763
471
178
390
382
837
514
2197
1167
1096
1736
966
441
203
374
959
1880
752
1330
2239
613
1820
393
1631
262
1990
1272
2098
1293
1730
1187
1311
348
1972
2210
908
923
378
1039
493
166
343
2498
1277
848
1684
2478
877
231
1137
947
1528
165
1250
1636
2056
1702
1644
2254
1656
966
427
305
2071
1150
1891
698
1169
1415
94
1131
1399
1070
942
1243
775
1590
2387
1394
1732
206
1666
948
1999
2215
2349
441
1142
2100
2075
492
1096
519
1477
1785
2077
1994
128
1362
1948
2082
2302
1241
1119
2199
1357
807
370
524
1547
301
2262
1748
2315
1808
2326
494
2391
1586
1620
2395
1402
205
2378
1789
982
521
1710
2015
897
572
768
2359
1024
1267
730
45
2198
2305
2024
708
2030
1054
1719
1346
1586
1126
684
941
2424
1351
1283
1117
730
1388
1842
2002
1269
1378
2387
2052
2106
1113
2102
1418
813
229
1925
15
925
1640
242
763
372
349
365
1339
361
1163
450
436
1131
620
1732
1962
2142
1522
1910
1559
688
648
71
1398
2315
845
312
2151
702
1641
807
331
20
1205
300
848
1766
1774
1988
2400
1134
1591
306
1648
701
2403
1200
2043
328
2293
1145
195
411
1240
218
735
1114
1790
992
810
2088
218
600
305
1685
328
155
211
235
939
682
2142
947
79
1600
1567
1588
1368
1609
196
30
2276
2366
1136
2406
2027
1554
1957
943
2165
1427
2360
2387
31
2410
2472
2355
933
1561
196
67
2098
456
1351
1965
1304
1488
65
808
2256
1640
1841
2224
882
1115
451
2040
358
2060
1283
992
1383
100
2180
804
128
1887
1315
1418
171
1030
1201
2147
2036
1919
2437
1460
1991
2426
1023
618
1170
911
2362
716
2486
910
1715
1073
2271
998
1292
1809
384
902
88
1438
610
519
1691
2016
863
935
389
1460
2308
1146
1683
355
403
122
1526
1110
2351
700
396
1076
1609
759
281
2362
1337
34
314
74
450
1840
2040
2423
1369
465
1640
555
2416
2418
2412
1677
706
1285
2104
2241
750
1032
1101
1567
1229
1048
1107
870
1209
974
372
2289
1883
804
2140
1687
2107
771
675
1511
1225
994
1266
2452
1929
2359
1262
331
173
1993
801
1608
2323
1843
488
636
809
1094
279
1007
1357
889
536
709
994
1859
95
1385
1571
743
2068
872
1506
1159
1747
781
2278
1749
185
242
1040
1902
71
1942
278
287
2388
433
1436
1922
2426
796
1754
1003
490
1326
236
1864
1903
1130
952
1897
1041
890
1999
2280
2048
73
114
101
60
2418
1192
620
1290
1440
1572
492
773
1494
395
69
327
676
1334
1227
156
295
1947
1479
872
460
989
78
77
793
2020
1789
2192
405
2284
1523
1012
1790
453
599
2363
14
836
439
514
914
2285
360
1736
1569
866
1756
228
835
1602
1178
1700
2429
185
990
465
1370
1913
865
1348
2484
1095
2399
1537
1167
1129
668
1409
2495
1421
1475
1097
2406
152
21
329
1777
1288
1875
112
1207
697
438
367
621
272
2266
807
2311
612
1473
1714
214
2218
242
2307
2489
1266
1922
327
110
1311
829
2317
776
869
720
910
878
584
1888
310
48
2349
2020
1620
1433
551
288
1724
1539
700
185
856
428
222
1693
1694
1130
849
281
112
593
728
1363
1830
1378
914
1140
1629
383
1700
1314
148
1596
434
1297
1110
1771
566
2387
666
892
2155
1819
1799
201
1373
483
1350
898
1444
1919
1055
462
1431
1487
2224
2325
1659
1911
1372
300
690
1236
579
1881
1162
1427
1813
2367
1052
2257
323
1559
457
1599
178
1145
771
1423
2489
502
1647
1563
270
713
2231
1501
1398
1249
271
2372
768
1873
1303
2479
1775
2298
987
1898
2212
216
1574
2382
1453
470
1267
523
221
837
129
557
633
135
1791
896
1161
1077
535
2169
872
1895
1819
2125
689
1956
1870
592
1197
2223
480
1180
584
881
877
1499
586
103
1500
158
1737
1423
1600
270
1822
2341
657
93
1932
1201
1397
2197
27
2055
2064
2407
727
2350
231
1402
429
1884
1524
259
1315
1530
2330
2106
2
2296
1370
1953
1289
1540
502
53
1188
536
1205
1685
1461
311
529
1400
1348
1441
2237
73
47
2305
60
1339
973
1597
1264
1869
1710
1931
693
966
536
1969
1577
1443
501
177
1083
75
1961
2127
340
54
1808
1895
256
375
75
2433
1716
23
97
2323
658
667
1309
1040
530
287
464
710
964
2200
75
659
1600
563
1116
281
905
1998
2343
1935
329
673
2250
1762
1682
597
2481
105
455
1539
759
1439
546
2491
116
2171
955
1556
385
2159
2088
455
693
385
2264
2432
275
406
1745
617
846
889
2078
969
822
282
631
756
788
1798
2411
941
1559
2454
113
51
716
854
2231
832
2368
97
1393
633
1353
2055
647
1330
1997
1371
1927
773
445
2386
2089
1939
1206
204
1397
1209
1009
1786
1366
2270
237
182
1767
1396
773
860
1904
1587
2256
2287
926
2453
925
1359
1720
1915
1995
1894
831
2277
2148
839
2016
1021
429
1797
2245
384
446
389
2080
1005
2430
1658
638
736
1177
2461
969
1564
595
1665
339
727
2297
912
34
115
2001
2158
215
1766
198
611
1440
2444
1972
2039
429
233
244
1937
958
2019
1790
1228
407
1972
2142
943
2037
2047
1218
1130
215
1272
1809
1939
544
1050
375
700
1899
600
801
1034
2103
437
2460
1996
423
2052
2328
2352
810
64
2161
749
2081
910
977
606
513
1364
594
187
441
2336
1706
1332
1505
1269
944
850
82
1072
835
156
1083
2359
2079
2363
65
1520
2093
1389
1525
1063
975
733
628
613
2130
1338
1247
2344
858
283
1437
2341
351
1592
1694
1258
972
1040
1990
986
2394
1483
297
1428
267
836
694
2455
1131
1881
2446
2016
711
187
1689
312
2401
2285
1471
2204
1372
767
2163
2124
2238
823
2404
696
1170
2383
1361
129
1315
1708
1526
226
187
150
2176
2308
2024
1963
1206
602
405
1073
289
746
1428
334
1542
807
2254
370
916
1336
1469
375
1758
1032
75
1629
1355
1363
1124
571
264
1827
338
2406
373
951
1655
2430
1853
1283
2467
467
1055
2379
2488
293
1457
173
2147
1635
405
2285
1563
1980
1183
1530
2033
897
475
39
1709
426
3
2359
1653
1313
732
2138
600
21
2470
1161
482
46
1889
1740
812
2348
1904
2009
1385
690
954
587
2477
2284
1164
1872
1269
573
853
1984
2465
1662
486
2
417
183
311
1704
935
416
978
702
1090
774
1575
107
1077
747
950
103
844
1523
1565
388
384
125
154
2169
1881
2101
200
1540
2383
548
2214
799
615
427
1556
1449
2310
2193
814
663
597
2397
1951
1565
1545
461
852
21
2138
118
512
1087
223
814
150
1064
749
1332
110
121
2404
2076
1995
1969
1747
338
2412
627
711
2393
1122
1619
1960
65
1567
326
1411
813
1015
847
1487
576
1126
178
629
1531
1812
1061
1532
596
849
2241
602
1365
1104
1326
1688
1303
769
650
118
163
1823
1746
515
488
1485
1057
696
1782
2356
877
1551
1015
1152
2242
2355
610
826
833
835
1657
1411
1991
477
415
2076
84
474
344
744
887
1795
2091
940
429
1968
64
1559
1323
289
313
387
1815
2279
2041
2380
2334
511
1777
1789
2284
1823
952
1064
1738
949
965
1706
1227
509
493
2080
428
829
420
1960
272
843
1058
1339
1741
1959
2277
1920
1215
394
2301
863
1170
2264
2450
1943
2369
2352
589
1036
1884
336
2384
430
489
254
123
919
526
1480
2005
1279
2005
2296
1158
26
403
1149
666
579
1758
213
1460
2112
2363
2303
293
278
2427
503
2433
1567
1066
2108
927
1624
474
1845
1834
864
1834
1027
625
1818
1044
1142
2240
2142
706
2425
678
1447
903
1809
882
1209
891
2399
2188
218
1154
1148
1825
76
838
2373
330
125
1174
712
236
1040
502
2064
1324
2455
1209
379
472
855
2085
496
1683
1799
1262
2204
2222
108
1718
954
436
1659
2390
880
151
43
799
699
1538
1171
57
2334
605
634
726
1669
2061
1271
1627
1059
1796
1186
1487
1259
1108
625
1563
1226
171
711
1669
462
1274
1908
2016
2085
262
2074
1542
82
206
716
2014
2110
1103
1846
1314
1645
1513
1381
578
1940
1993
31
1505
2125
761
1154
849
1192
861
1453
911
1713
883
1223
159
1166
1573
1136
1587
864
90
2055
1966
870
293
1570
908
1094
1222
1427
2354
266
1526
1634
686
264
1487
1833
967
2363
1144
1562
201
1429
229
681
842
159
363
550
296
1558
1516
2440
1704
667
1354
2256
1598
924
121
1321
2408
1504
2234
851
2387
1215
1240
2291
190
1765
1306
1851
1477
2261
102
1288
877
1063
1822
1557
1613
1671
1907
1680
1969
2409
1306
2250
222
2263
748
563
1571
536
1805
851
2310
2069
2010
1839
2413
1302
2071
1573
1230
1685
1312
228
68
125
64
159
496
549
958
211
599
839
2170
378
1606
526
1006
1743
2229
1004
2027
179
396
556
234
1477
200
729
1785
682
1486
2458
2379
1269
348
697
569
1682
998
1089
1670
1544
259
1505
887
841
803
2207
534
1477
184
1412
524
402
1195
868
1352
1823
2401
1113
2486
2153
2383
1096
1998
975
1834
2031
216
2052
1606
1008
1668
875
1008
279
668
1842
2333
1586
737
1822
196
73
2446
859
1123
298
928
2431
2113
2077
383
888
740
1978
523
736
1439
677
2276
690
1559
1855
860
518
1255
949
2305
634
1600
1769
51
1512
721
1643
935
1432
2406
873
1563
1605
2447
587
342
30
2428
34
832
1855
1230
1481
784
1788
2196
504
2147
1434
1654
1726
1546
448
2435
1414
2384
1780
1484
1549
1627
2493
1691
2210
1632
1943
2297
471
483
231
259
2094
1103
1767
891
1443
1921
407
1978
47
900
471
1050
187
1708
550
2301
1958
558
1076
1959
1599
795
416
785
1539
72
581
1974
345
1069
1254
1217
187
569
2368
692
865
299
552
760
2339
1013
827
2245
1453
742
1514
33
483
312
2234
1319
2160
1878
2276
1711
287
1390
1329
44
1715
2231
2364
667
1679
117
2409
650
126
1960
596
1042
1512
528
819
1656
2056
852
1868
1967
198
229
858
244
291
707
151
756
1891
1210
1464
8
1539
260
371
1108
321
2322
1043
2278
214
464
576
328
19
302
886
1175
786
1370
1121
143
1392
345
1577
2423
2084
1528
596
2163
2445
2319
2162
1027
2392
1733
1748
2120
1497
208
2259
788
1396
587
2417
1355
1538
1079
827
1529
1456
2406
1316
405
1584
491
1252
1230
138
1629
2178
1901
367
435
1004
1756
2330
2298
2467
317
817
898
2235
2272
1565
2045
1285
2268
1846
2105
583
1793
1043
649
1236
1776
257
457
2367
2460
159
831
1625
727
1210
2046
746
1302
2410
1459
71
22
2347
2130
839
772
512
2281
390
2420
780
1853
1561
1109
867
1632
1506
1705
8
623
810
2054
793
1720
2499
517
952
529
662
753
2143
535
2332
1095
2476
1308
169
1001
1779
275
1121
1620
1476
1438
1077
1993
1706
1800
1846
1172
1682
2267
498
2417
2297
2147
1043
303
197
151
149
2461
1510
1167
1127
1202
1212
1418
1391
382
2160
2178
367
689
811
1264
94
1121
1895
1353
2445
2470
2018
2337
311
1148
459
1669
1253
191
1066
1702
740
1941
2246
1234
2192
2236
2076
1631
635
305
1122
2039
2305
669
632
1612
1826
2273
1427
1270
913
1541
2428
1998
2162
2250
1390
1363
1902
1636
1373
677
1074
2078
645
81
2187
2344
771
1662
2200
708
1821
2186
2339
1165
856
2386
1636
531
608
251
1731
1703
228
200
2484
1148
1768
1864
817
1335
928
1635
136
1849
627
2491
601
111
1535
1951
920
1371
1046
1929
2209
2440
1673
1368
522
16
616
2100
2017
1406
638
1308
360
1382
2358
773
716
891
1797
1809
1966
244
2107
2451
1009
2383
1215
148
2390
865
870
353
2128
643
1353
1889
116
1738
2258
1953
1575
2310
916
1849
2454
1245
1720
285
2120
1782
1049
1670
1804
2295
138
2157
584
2114
1258
571
855
1063
1650
1601
2096
546
13
247
1539
2063
1467
1954
750
2362
1281
339
733
1912
1157
1668
2268
1790
787
752
2211
262
1801
848
107
678
1815
1317
2126
1379
490
164
836
178
1439
662
2380
573
2151
896
1071
1155
1100
507
613
1673
2005
64
2263
1762
1910
856
1630
1005
95
173
1278
765
1675
1624
2142
1890
1275
2368
2236
173
458
75
714
2019
46
391
1134
430
973
417
1283
756
2273
123
2366
2464
2477
751
1480
1524
1663
973
532
90
2478
522
604
1473
332
690
1294
2060
1865
621
225
1174
587
2495
828
2377
1871
1680
853
105
2356
2468
2499
1520
2353
1396
1930
1944
1540
180
545
1857
760
1335
1246
1174
682
359
1516
1705
2221
1617
1342
2381
1853
2260
522
624
2043
1707
842
333
1985
526
827
1521
743
616
1795
1556
797
1641
2062
1957
192
1766
1372
1502
387
165
1123
207
506
2193
2472
2180
663
1807
1004
156
644
1761
997
24
898
2159
2240
2411
1456
2340
2255
2007
2212
1493
584
971
491
1025
519
2274
1510
2067
2309
1023
606
526
2496
2247
2027
2122
1203
2173
837
1598
1751
441
1481
485
2194
1623
570
1473
1918
1932
333
1929
1992
2011
1541
2057
778
2159
2350
627
1870
2148
843
2078
1180
379
379
2393
1739
1975
359
908
313
1374
363
1636
146
1007
377
2341
2471
2327
308
2094
2310
802
1614
394
513
463
1898
1306
1874
144
1285
250
746
642
1735
215
1123
2254
2135
1942
560
704
1106
1475
1022
2244
2210
4
2209
1034
1385
1952
1886
137
759
2380
2441
2484
2311
302
498
2090
1182
58
830
1681
923
1093
1751
2414
373
1101
992
504
913
896
877
1497
2233
1415
820
680
1068
746
9
2444
2381
735
587
1070
234
1201
24
1231
1261
468
938
2288
2347
1390
1626
586
119
2063
850
1101
158
466
2073
2390
2204
1294
788
1028
1019
247
492
2345
1220
434
673
2235
1244
1113
130
532
554
1695
999
1931
632
452
1767
2167
454
1909
736
343
1670
750
658
1146
325
2439
606
2370
2078
464
1683
674
922
910
1211
1856
1485
1872
731
1083
2325
1205
380
883
1921
2434
202
162
150
1541
1769
1915
1365
929
1269
483
1950
1613
1752
881
1283
226
1984
1080
437
1649
2261
1231
1581
275
1677
702
376
301
1608
1529
583
1018
166
1355
960
1892
2212
526
2167
199
2406
2240
2200
1507
2284
395
185
1982
2360
1166
1375
945
1782
2355
759
1011
410
243
78
135
2419
1294
2200
1249
2242
1181
1570
1756
1192
830
2096
1590
2114
1532
927
1440
300
1740
2424
2485
1068
1145
636
712
2500
1672
1173
1050
382
2135
214
2222
1458
198
1974
760
1887
1334
751
465
99
1070
553
35
1664
2494
2383
779
88
2250
1503
2481
773
1809
1174
82
2340
1085
1417
466
857
400
492
172
880
1962
882
2355
677
2321
2014
1807
920
1738
1162
2405
1625
2073
322
2480
2307
1125
1836
2242
286
2137
321
1290
2469
1209
2376
1397
204
1705
1166
266
1848
342
1190
51
2249
1750
763
1134
951
1095
1539
312
1610
1620
1464
2440
1264
1613
1126
2447
2135
1107
1994
874
2237
1656
2248
802
919
1541
1048
1471
277
2034
1383
1717
1921
1935
1026
1724
1890
2078
761
1723
640
2152
2380
743
1063
1259
347
646
2407
260
1888
178
1731
817
422
1560
2246
856
387
264
236
462
502
786
1184
737
1356
1810
827
2360
1223
2481
960
558
566
2272
567
709
538
1795
295
479
194
170
250
1920
2244
272
1276
2410
756
317
2359
1417
2262
2461
450
2224
596
684
242
2088
1126
819
901
1733
2099
1816
2031
2081
792
2279
661
1870
739
1762
1123
1449
2499
177
2427
1285
2288
2227
1560
947
2219
1367
1916
1905
1489
1831
964
731
1062
771
2456
2429
722
291
2132
1230
153
2353
1654
2322
2496
1278
1130
311
2189
1951
1422
2207
736
312
2194
867
113
374
1202
1595
1932
1945
1984
491
1211
2330
540
227
612
571
1221
2306
1149
1699
2111
633
1616
2354
1367
1865
1730
395
937
1008
395
211
187
1554
1417
321
1563
11
2288
1588
1061
624
278
2350
687
2428
952
1209
1559
817
111
1580
773
1977
212
599
918
2163
1488
1144
989
2016
887
2017
774
2490
711
263
1210
1005
1078
1167
1447
1008
338
2489
247
2302
786
1471
1495
2324
1927
210
996
2187
1906
2387
625
16
405
926
912
1846
681
2040
274
1838
2258
2264
677
502
1261
1303
1673
889
1590
429
881
585
1863
656
316
1675
1343
296
1436
2363
1343
1654
85
1542
364
1880
1682
346
826
1427
1187
1781
617
1544
216
2331
1441
673
933
1530
845
527
1411
1096
1496
754
1754
851
1112
1820
446
1793
1091
1227
1607
2215
558
1784
1000
1211
934
2369
183
2221
1515
807
735
1138
67
2499
180
2018
2129
275
2246
205
1804
1964
1015
1694
68
406
330
2392
288
721
2011
1151
1440
407
2114
1692
1712
110
319
2321
877
869
654
1990
134
1705
2215
433
1436
1186
1078
170
285
1494
638
359
810
1066
417
791
2093
990
1430
224
714
1956
755
1375
217
813
13
1709
1112
1862
1177
538
2174
1691
346
1593
1275
686
610
1315
842
320
1183
787
714
1963
369
2320
182
1611
1339
1110
1073
724
216
593
794
1507
1890
1612
1765
1303
2411
1960
813
2318
1366
2115
1229
48
1744
2016
2445
2144
664
296
1716
1957
466
1668
1224
1512
2442
1635
2304
909
750
1209
480
1434
60
1611
1851
492
2410
560
517
78
2235
1046
2039
1773
239
264
1818
515
827
1616
95
363
1895
1069
2030
1795
1303
1519
533
1820
312
1961
895
53
1263
825
2240
821
2025
570
2189
1621
1563
1699
1214
939
511
799
228
251
558
1004
308
754
749
818
1263
1198
2411
1841
1202
2321
2448
1020
601
1173
323
242
2110
1121
1955
134
1434
371
630
159
516
714
1683
1015
1423
632
135
2375
293
83
2101
1705
1795
1037
1651
910
52
1621
585
2057
205
1153
1767
1495
444
2371
870
1818
503
2216
169
787
351
1473
2374
1265
2194
1754
1834
459
761
1945
1720
2087
490
22
940
1844
2052
1764
274
415
190
242
916
917
475
1716
1544
1303
1747
593
1617
1675
2300
484
1166
1202
666
1773
203
723
150
942
116
1588
285
2306
744
1948
2112
947
1612
474
374
943
321
1899
1389
2118
401
1464
952
266
2445
395
1144
652
2361
2460
1750
1610
1762
1201
389
121
362
1691
65
769
1742
1438
691
2340
836
267
1191
2013
1866
1125
2088
304
289
1109
635
1119
1419
656
1704
897
1180
1145
2095
2183
896
2225
1166
117
856
908
1024
1928
721
1859
700
36
2389
677
2072
1282
1647
2417
1303
704
151
2415
258
1392
391
2430
2004
1395
649
2113
1026
1335
1852
451
1515
1453
599
465
710
1834
922
1471
786
433
1275
816
1625
1995
1816
347
519
2018
2432
65
260
2252
96
1919
1666
2063
1020
2170
806
1975
2305
93
2029
2179
2006
1203
935
1841
548
2173
159
1769
1499
1161
769
283
933
1965
1107
1837
1861
2331
145
1274
2230
2266
1502
686
2397
853
1237
1541
348
531
1806
1207
2086
71
1292
1515
280
2464
2066
92
503
1165
1728
1066
1156
1271
105
284
1554
2417
880
2093
1461
367
1407
2307
1738
881
937
670
1643
176
526
94
326
2380
748
1757
1911
49
924
281
551
2213
1222
2437
202
1674
1243
1436
1571
393
1748
903
1842
2426
2337
1924
1336
719
1229
1788
1839
1077
93
447
2263
2012
562
464
1051
1075
858
934
663
712
2168
382
1022
2262
1323
1266
512
548
2129
1670
2116
1237
1528
359
2040
1846
1204
1153
168
178
519
2490
103
832
838
363
2228
1543
1383
1128
310
931
869
2408
2421
2251
1811
2465
1604
756
2367
1818
1618
1959
2061
1283
16
1442
541
467
2295
2302
211
1965
2310
347
2145
213
1434
1499
340
1388
1083
251
1739
326
2025
2378
2261
2415
1227
164
781
476
1687
2294
812
331
2084
814
1973
2395
1736
1732
1106
1754
361
438
1599
1172
1684
2486
1584
1006
1277
1194
2490
2047
2235
89
613
1451
1221
857
1373
2169
2470
2022
1375
538
1316
1328
42
2009
2177
1082
768
688
395
242
92
932
1235
1260
2131
1093
